#Año inicial y final
2000  2024

#numero_de_tallas								
22

#Años	Captura	cv	CPUE	cv 	Campaña	cv	nmf	nmc	dt_cpue	dt_campaña
2000	484	0.05	0	0.3	0	0.3	50	20	0.17	0.83
2001	395	0.05	0	0.3	0	0.3	50	20	0.17	0.83
2002	434	0.05	0	0.3	0	0.3	50	20	0.17	0.83
2003	1240	0.05	0	0.3	0	0.3	50	20	0.17	0.83
2004	1672	0.05	0	0.3	0	0.3	50	20	0.17	0.83
2005	1078	0.05	0	0.3	0	0.3	50	20	0.17	0.83
2006	1155	0.05	0	0.3	0	0.3	50	20	0.17	0.83
2007	577	0.05	0	0.3	0	0.3	50	20	0.17	0.83
2008	906	0.05	0	0.3	0	0.3	50	20	0.17	0.83
2009	671	0.05	0	0.3	0	0.3	50	20	0.17	0.83
2010	470	0.05	0	0.3	0	0.3	50	20	0.17	0.83
2011	2091	0.05	0	0.3	0	0.3	50	20	0.17	0.83
2012	4704	0.05	0	0.3	0	0.3	50	20	0.17	0.83
2013	4230	0.05	3.03	0.3	0	0.3	50	20	0.17	0.83
2014	3364	0.05	2.53	0.3	0	0.3	50	20	0.17	0.83
2015	3481	0.05	2.25	0.3	0	0.3	50	20	0.17	0.83
2016	3458	0.05	1.26	0.3	7.93	0.2	50	20	0.17	0.83
2017	1555	0.05	1.31	0.3	0	0.3	50	20	0.25	0.83
2018	1173	0.05	1.51	0.3	5.45	0.2	50	20	0.25	0.08
2019	1318	0.05	1.33	0.3	5.37	0.2	50	20	0.25	0.08
2020	1361	0.05	1.19	0.3	6.24	0.2	50	20	0.25	0.83
2021	1003	0.05	0.76	0.3	5.92	0.2	50	20	0.25	0.83
2022	889	0.05	0.84	0.3	3.51	0.2	50	20	0.25	0.83
2023    835     0.05    0.59    0.3     2.92    0.2    50      20      0.25    0.83
2024    891     0.05    0.66    0.3     3.72    0.2    50      20      0.25    0.83

#grupos_de_Tallas																			
57	62	67	72	77	82	87	92	97	102	107	112	117	122	127	132	137	142	147	152	157	162

#años con datos de comps de tallas de la flota
12
2013 2014 2015 2016 2017 2018 2019 2020 2021 2022 2023 2024


#	Frecuencia flota
																		
0	0	0	0	0	0	0	0	0	0	0	700	496	336	240	180	78	39	6	2	0	0
0	0	0	0	0	0	0	0	0	0	0	828	588	662	338	247	105	42	8	1	0	0
0	0	0	0	0	0	0	0	0	0	0	298	383	331	251	154	57	17	3	1	0	0
0	0	0	0	0	0	0	0	0	0	0	684	665	671	498	375	166	84	19	4	0	0
0	0	0	0	0	0	0	0	0	0	0	165	156	105	64	35	16	6	2	1	0	0
0	0	0	0	0	0	0	0	0	0	0	253	215	136	71	35	12	4	1	0	0	0
0	0	0	0	0	0	0	0	0	0	0	256	194	113	47	18	5	1	0	0	0	0
0	0	0	0	0	0	0	0	0	0	0	303	242	153	69	29	10	5	1	0	0	0
0	0	0	0	0	0	0	0	0	0	0	231	159	94	40	18	6	3	1	0	0	0
0       0       0       0       0       0       0       0       0       0       0       341     276     139     56      23      7       3       1       0       0          	0
0	0	0	0	0	0	0	0	0	0	0	235	163	90	32	16	6	3	1	0	0	0
0	0	0	0	0	0	0	0	0	0	0	134	103	57	22	10	3	2	1	0	0	0


#años con datos de comps de tallas de las campañas
12
2012 2013 2014 2015 2016 2018 2019 2020 2021 2022 2023 2024

#	Frecuencia campañas
0	0	7	12	93	97	210	284	684	562	441	700	496	336	240	180	78	39	6	2	0	0
4	5	18	33	104	156	232	331	420	525	624	760	665	536	386	247	117	44	8	2	0	0
4	7	18	57	163	234	315	403	355	427	347	432	412	377	280	189	75	24	4	1	0	0
0	9	32	123	232	385	432	575	548	558	376	352	233	250	195	167	77	46	10	2	0	0
1	5	17	61	158	289	402	509	490	554	454	542	427	350	262	176	102	50	11	5	1	1
2	8	16	38	118	208	307	496	573	666	635	677	546	406	267	155	73	29	7	2	0	0
1	4	12	60	127	293	352	498	423	620	490	618	360	297	139	82	33	13	6	1	0	0
0	4	12	100	195	436	440	570	481	510	386	461	323	231	133	86	41	25	8	2	1	0
1	4	5	30	61	229	293	516	498	552	470	448	324	225	117	94	55	30	10	3	1	0
1	1	3	8	21	51	78	125	159	196	205	212	161	130	87	64	39	21	7	3	1       0
3	7	9	22	63	115	191	268	282	289	290	314	267	185	116	67	37	19	5	3	0	0
3	3	19	68	177	359	443	681	819	841	799	698	562	407	244	170	96	52	18	8	3	1

# CONTROLES DEL MODELO
#_________________________________________________________________________________
# Coeficiente de variación de los reclutamientos
#  sigmaR   
   0.6

#  Parámetros madurez y peso-talla********************
#  L50    L95    dt_desove   ln_a     b    min_edad   num_edades
   90     90.5     0.25	    -7.82   3.14      3          15


# PARAMETROS DE CRECIMIENTO Y MORTALIDAD NATURAL
#____________________________________________________
#Loo,   k,        Lr          sr       beta     M      h   
159	0.147	  74.7        7.4      0.5     0.31   0.60
0.1     0.1       0.1         0.1      0.1     0.2    0.2 # cv de las prior
-5      -4        3            4        -4     -5       3 # fases estimación

#*********************************************************
# Parámetros de Selectividad

#Flota
# L50    s1    s2    
110      0.1   500   #prior
0.4      0.5   0.3   #cv
 4  	  -2	-4    #fase

#Campañas 
# L50    s1    s2    
100       4     500   #prior
0.2      0.2    0.3   #cv
4	 4	-4    #fase

#*********************************************************
# Número de bloques de selectividad (logistica) y años de inicio FLOTA
2
2000 2019

# Número de bloques de selectividad (logistica) y años de inicio CAMPAÑAS
2
2000 2022


#*********************************************************
# Parámetros de capturabilidad
 
# Número de bloques de capturabilidad y años de inicio CPUE
3
2000 2016 2021

# Número de bloques de capturabilidad y años de inicio CAMPAÑAS
1
2000

# Prior de capturabilidad de campaña
1   10.1


#********************************************************
# FASES DE ESTIMACION DE PARAMETROS

# Fase de estimacion de capturabilidad fLota y Campaña
4  5
# Fase de estimacion mortalidad por pesca
2
# Fase de estimacion variación anual Rt
2
# Fase de estimacion propR0 inicial (<0 virginal)
2



# PROYECCION DE LA POBLACION
#____________________________________________________
#numero casos de F
6

#mF
1E-5	1.0    2.0    3.0   4.0   5.0

# Años a proyectar
40






